57.6
28.8
28.8
367.2
52.8
28.8
38.4
38.4
24.0
28.8
57.6
113.88
153.6
177.6
134.4
52.8
10.8
113.975
32.9
19.2
163.2
33.25
19.2
90.0
40.0
60.0
90.0
90.0
35.0
40.0
40.0
19.2
259.0
42.0
122.0
252.0
122.0
82.5
150.0
104.5
386.0
123.0
42.0
80.0
60.0
87.0
96.0
96.0
60.32
48.0
115.0
72.0
65.5
66.0
168.0
66.0
96.0
210.0
64.5
53.0
10.4
22.0
126.5
66.0
55.0
44.0
38.5
85.0
49.5
104.5
66.0
114.0
131.0
66.0
40.0
31.0
110.0
237.0
362.0
55.0
82.5
244.8
10.8
85.0
25.0
79.5
138.439
55.0
30.0
55.0
90.0
18.8
305.0
85.28
75.92
53.04
60.32
66.0
76.5
109.2
110.76
110.76
114.92
70.5
44.0
143.52
113.88
125.0
95.0
95.68
47.7
47.7
190.0
93.5
49.5
60.5
32.0
93.0
130.5
512.75
55.0
110.0
285.0
285.0
192.0
155.0
186.0
28.2
100.98
418.56
63.96
106.08
121.38
33.66
165.24
56.1
85.68
194.0
57.2
77.01
122.4
24.72
65.79
44.0
81.6
33.66
44.88
67.32
78.54
367.2
367.2
66.0
39.36
24.72
81.6
58.32
72.0
37.92
98.88
19.2
70.5
161.68
77.6
72.0
29.0
60.0
73.0
60.0
100.5
22.0
109.0
35.0
79.2
60.0
51.0
44.0
34.0
126.0
60.0
61.5
44.0
126.0
51.0
239.0
44.5
51.0
42.0
161.67
52.8
45.0
45.0
30.0
80.0
80.0
110.0
70.0
138.439
30.0
47.0
104.5
138.439
71.5
82.5
132.0
33.0
82.5
71.5
66.0
27.5
27.5
70.5
33.0
85.28
109.0
60.5
302.88
110.0
168.5
33.0
98.0
138.439
90.0
138.439
55.0
30.0
28.2
71.5
71.5
137.7
138.439
360.0
240.21
362.0
122.0
244.8
111.28
239.0
126.0
144.0
211.64
79.56
90.48
95.68
54.6
131.04
130.26
51.48
63.96
33.66
53.04
57.6
82.5
148.5
930.835
249.39
83.64
81.6
1020.76
252.0
56.4
28.8
37.6
32.9
18.8
37.6
37.6
28.2
85.28
85.28
98.88
28.2
28.2
18.8
28.2
47.0
28.2
9.4
114.48
18.8
9.4
138.439
104.0
31.2
67.6
93.6
62.4
57.2
108.3
45.6
68.4
206.8
102.96
150.52
52.52
92.04
109.72
110.24
166.46
309.255
130.38
134.355
136.74
869.44
nan
302.94
32.13
138.439
138.439
nan
30.0
95.68
869.44
nan
869.44
57.6
52.8
130.38
176.49
175.43
136.74
149.46
131.97
90.1
38.4
10.4
115.0
110.0
